k = 0.8754687373539003
N_p = 4.708081744336389e-05
