k = 3.8066624897703196
N_p = 2.279644343110537e-42
